ply
format ascii 1.0
element vertex 1002
property float x
property float y
property float z
property uchar red
property uchar green
property uchar blue
end_header
-0 -0 -10 255 0
1.64117 -0.297466 -0.3140010 255 0
0.32716 -0.72282 -0.8505 255 255 255
-0.86158 -0.63998 0.53422 255 255 255
-0.99972 -0.8449 -0.61584 255 255 255
-0.41828 -0.81234 0.33874 255 255 255
0.9059 -0.61248 -0.72068 255 255 255
-0.77686 -0.14028 0.299 255 255 255
-0.14542 -0.7537 -0.06736 255 255 255
0.32438 -0.00650001 0.4739 255 255 255
0.025 -0.22726 -0.31536 255 255 255
-0.08688 -0.38048 -0.00396001 255 255 255
-0.78572 -0.54236 0.3883 255 255 255
-0.91408 -0.66104 -0.93048 255 255 255
-0.00856 0.03328 -0.94374 255 255 255
-0.03768 -0.90614 0.02004 255 255 255
-0.41746 -0.97518 -0.64682 255 255 255
-0.5658 0.7586 0.0453399 255 255 255
0.64574 -0.9881 0.1957 255 255 255
0.10508 -0.32402 0.93788 255 255 255
0.40864 -0.24226 0.42766 255 255 255
-0.5106 0.3143 -0.4358 255 255 255
0.43026 0.98116 -0.47878 255 255 255
0.33236 -0.89648 -0.5409 255 255 255
0.75972 0.57796 -0.18036 255 255 255
0.0314 -0.525 0.04574 255 255 255
0.32548 -0.95282 0.41884 255 255 255
-0.02066 -0.35294 0.27402 255 255 255
0.94776 0.10912 0.8353 255 255 255
-0.4495 -0.94902 0.5591 255 255 255
0.9852 0.76112 0.4275 255 255 255
0.46254 -0.80022 0.03246 255 255 255
-0.82576 0.72288 0.22336 255 255 255
0.50708 0.49824 -0.89076 255 255 255
0.65058 0.1097 -0.22146 255 255 255
-0.8378 0.11912 -0.05764 255 255 255
-0.09798 -0.7333 -0.98358 255 255 255
-0.16218 0.9764 -0.51714 255 255 255
0.0613199 0.58584 0.85864 255 255 255
0.89812 -0.42118 0.52754 255 255 255
0.8579 -0.3952 -0.89236 255 255 255
-0.05604 0.7506 0.50554 255 255 255
0.72036 0.17698 0.28412 255 255 255
-0.10932 -0.37346 -0.0513 255 255 255
0.4942 -0.65068 -0.21718 255 255 255
-0.98974 0.21094 0.83024 255 255 255
0.35674 0.28222 -0.8976 255 255 255
-0.83002 -0.70998 0.61856 255 255 255
0.14402 -0.96198 -0.86264 255 255 255
-0.37624 -0.3914 0.2649 255 255 255
-0.04096 -0.70532 0.8289 255 255 255
0.46812 -0.90364 0.77642 255 255 255
-0.98792 0.12864 -0.03688 255 255 255
0.4685 -0.61916 -0.85152 255 255 255
-0.47854 0.75142 -0.80148 255 255 255
-0.59568 -0.55592 -0.22236 255 255 255
0.05446 0.02854 0.94068 255 255 255
0.50398 0.26522 -0.31796 255 255 255
-0.09538 -0.30858 -0.70028 255 255 255
-0.684 0.1458 0.1788 255 255 255
0.3245 0.66352 0.43498 255 255 255
-0.7265 0.27824 -0.32198 255 255 255
0.44054 -0.7328 -0.13066 255 255 255
-0.95852 0.96598 0.11074 255 255 255
0.7686 0.98918 -0.11912 255 255 255
0.9383 -0.84474 0.80362 255 255 255
0.3498 -0.14206 0.30566 255 255 255
0.63194 -0.16028 -0.66394 255 255 255
-0.0794 0.33084 -0.9825 255 255 255
-0.90654 0.76768 0.35284 255 255 255
0.44146 0.30748 -0.00708002 255 255 255
0.59954 0.01168 -0.23764 255 255 255
0.3011 -0.32856 0.65534 255 255 255
0.68868 -0.2526 -0.39742 255 255 255
0.39688 0.19924 -0.3036 255 255 255
0.58738 0.9421 0.7001 255 255 255
-0.51526 0.11376 -0.95338 255 255 255
-0.93728 0.97416 -0.58836 255 255 255
-0.0102 0.9541 -0.01414 255 255 255
-0.80594 0.71126 0.61794 255 255 255
0.28308 -0.29756 -0.6123 255 255 255
-0.65484 -0.90546 0.0157 255 255 255
-0.86802 -0.94154 0.66292 255 255 255
-0.21794 0.09338 0.88244 255 255 255
-0.81338 -0.12016 0.58104 255 255 255
-0.74984 0.38042 0.39856 255 255 255
-0.46018 0.0358 0.10292 255 255 255
0.89836 0.8866 0.15712 255 255 255
0.48962 0.53932 -0.6459 255 255 255
0.5689 -0.85204 -0.75324 255 255 255
-0.8269 -0.47028 -0.94844 255 255 255
-0.41996 -0.96554 -0.89496 255 255 255
-0.21838 -0.85756 -0.9267 255 255 255
0.19946 0.5204 -0.30308 255 255 255
-0.07952 -0.21156 -0.19378 255 255 255
0.83838 -0.56146 0.61552 255 255 255
0.28622 -0.0827 0.14464 255 255 255
0.25092 0.70892 0.8582 255 255 255
-0.51818 0.17416 0.73644 255 255 255
-0.83594 0.97524 -0.92856 255 255 255
-0.61688 0.63494 0.42952 255 255 255
0.43584 0.46518 -0.31592 255 255 255
-0.37672 -0.5656 0.3203 255 255 255
0.02456 -0.10548 -0.53082 255 255 255
-0.95598 -0.43562 0.82624 255 255 255
0.10644 -0.75518 0.25776 255 255 255
-0.69726 -0.6666 -0.09808 255 255 255
0.25228 -0.4817 -0.15314 255 255 255
-0.80538 -0.32156 -0.8459 255 255 255
-0.15816 0.81052 0.1188 255 255 255
-0.70912 0.35946 0.87942 255 255 255
0.31242 -0.4748 0.4374 255 255 255
-0.04618 0.0913399 0.85072 255 255 255
0.3873 -0.48736 -0.48992 255 255 255
-0.57714 -0.65468 -0.58586 255 255 255
0.17624 0.95838 -0.64632 255 255 255
0.83264 0.47352 0.4284 255 255 255
-0.39754 0.29578 0.0129 255 255 255
-0.71518 -0.1892 0.84356 255 255 255
0.39854 0.42914 -0.65354 255 255 255
-0.19308 -0.19886 0.97232 255 255 255
-0.60916 -0.98352 0.60696 255 255 255
0.41378 -0.45692 -0.08234 255 255 255
-0.91536 -0.73778 0.47902 255 255 255
0.92934 -0.21726 0.91446 255 255 255
-0.38322 0.40236 -0.65952 255 255 255
0.0496 0.28086 -0.13214 255 255 255
-0.39452 0.16798 0.67862 255 255 255
-0.80864 -0.99364 0.5912 255 255 255
-0.51728 -0.48202 0.75814 255 255 255
0.93654 -0.6083 -0.91702 255 255 255
0.1284 -0.64254 -0.09208 255 255 255
-0.19524 0.94656 0.8301 255 255 255
-0.8606 0.9881 -0.91478 255 255 255
0.03306 0.12234 0.19186 255 255 255
0.47182 0.7831 0.35846 255 255 255
0.18186 0.84262 0.35082 255 255 255
-0.24808 -0.02928 -0.36154 255 255 255
-0.3391 -0.7524 0.0774 255 255 255
0.41998 0.33832 -0.4877 255 255 255
-0.7673 -0.74458 -0.53098 255 255 255
-0.41546 0.64616 0.02588 255 255 255
-0.0457 0.14198 -0.83746 255 255 255
-0.31794 -0.28804 -0.8087 255 255 255
0.47646 0.53214 -0.83808 255 255 255
-0.3253 0.03078 0.20094 255 255 255
-0.34598 0.53352 0.63844 255 255 255
-0.45532 0.07728 0.17048 255 255 255
-0.02202 -0.66676 -0.73946 255 255 255
-0.68008 0.8962 0.90484 255 255 255
0.7544 0.21376 0.7337 255 255 255
0.27466 0.33856 -0.78378 255 255 255
-0.38544 0.89018 0.4165 255 255 255
0.33362 -0.77052 0.07388 255 255 255
0.96686 -0.62724 0.71686 255 255 255
-0.09832 0.59012 0.14266 255 255 255
0.64514 -0.5258 0.16576 255 255 255
-0.47238 -0.67108 -0.59854 255 255 255
0.0118001 0.77464 0.88246 255 255 255
-0.76662 0.98976 -0.36488 255 255 255
-0.79382 0.09022 0.73394 255 255 255
0.5031 -0.97516 0.73474 255 255 255
0.50718 -0.25914 -0.89494 255 255 255
0.56162 -0.97618 -0.35222 255 255 255
0.37938 -0.00304002 -0.33956 255 255 255
-0.51464 0.48044 -0.73376 255 255 255
0.80686 -0.34054 -0.32922 255 255 255
0.31774 0.4896 0.95194 255 255 255
-0.70406 0.28692 0.31484 255 255 255
0.6144 -0.56258 0.40244 255 255 255
0.77792 0.26434 -0.51582 255 255 255
0.01714 0.94458 -0.37296 255 255 255
-0.10102 0.45802 -0.90094 255 255 255
-0.85806 0.1768 0.43832 255 255 255
0.86224 -0.61098 0.58788 255 255 255
-0.73158 0.09588 0.95824 255 255 255
-0.2798 0.1383 -0.63242 255 255 255
0.9567 -0.62072 -0.70706 255 255 255
-0.46578 0.6992 -0.32238 255 255 255
0.45004 0.0182199 0.84126 255 255 255
0.73182 0.20542 -0.41786 255 255 255
-0.5599 0.00528002 0.8416 255 255 255
0.96964 -0.36374 0.70118 255 255 255
0.43636 0.88034 -0.04236 255 255 255
0.89328 0.957 0.4589 255 255 255
0.54784 -0.27326 0.60132 255 255 255
0.48736 0.51098 -0.1083 255 255 255
-0.34914 -0.38464 0.8805 255 255 255
0.6105 -0.35866 0.10696 255 255 255
0.00882006 0.62974 0.89798 255 255 255
0.19066 0.5662 0.9467 255 255 255
0.00544 0.83762 -0.47142 255 255 255
0.79548 -0.52848 -0.8833 255 255 255
0.22966 0.08816 0.96304 255 255 255
-0.39536 0.3192 0.32926 255 255 255
0.7226 0.63166 0.24088 255 255 255
-0.3131 0.75614 -0.91714 255 255 255
0.04388 0.77582 -0.62494 255 255 255
-0.51772 0.33556 -0.38616 255 255 255
-0.52812 -0.06908 0.9164 255 255 255
0.4758 0.15616 0.98908 255 255 255
-0.36512 0.83942 -0.50408 255 255 255
-0.37874 -0.24712 -0.09382 255 255 255
-0.15096 -0.27718 -0.65236 255 255 255
-0.61288 -0.7059 0.2778 255 255 255
-0.01204 0.8981 -0.4784 255 255 255
-0.95614 0.90374 0.84056 255 255 255
0.67016 0.89684 -0.69754 255 255 255
0.58844 -0.93074 0.59284 255 255 255
-0.06296 -0.7537 0.70918 255 255 255
0.58028 -0.80812 -0.97042 255 255 255
-0.89696 0.53984 -0.12484 255 255 255
0.82022 -0.59612 0.72052 255 255 255
-0.00730002 0.22274 0.33704 255 255 255
-0.99936 -0.25004 0.76958 255 255 255
-0.83166 -0.12786 0.4924 255 255 255
0.49638 0.73116 0.1823 255 255 255
-0.47774 0.82202 -0.6801 255 255 255
0.83762 0.5915 0.17696 255 255 255
0.02496 -0.16822 0.73984 255 255 255
-0.57788 0.0369999 -0.7691 255 255 255
0.55698 0.05834 0.59018 255 255 255
-0.01766 -0.7208 0.74106 255 255 255
0.5835 0.34074 0.93134 255 255 255
-0.59558 -0.80556 0.59426 255 255 255
0.50302 0.73816 0.82696 255 255 255
-0.75298 0.86376 -0.55272 255 255 255
-0.91674 -0.76052 -0.18956 255 255 255
-0.83582 0.7793 0.6543 255 255 255
0.18506 0.59826 0.34528 255 255 255
0.89632 0.89964 -0.27348 255 255 255
0.43926 -0.1383 0.22408 255 255 255
-0.25518 0.1092 0.04774 255 255 255
-0.80412 0.7518 0.3499 255 255 255
0.32806 0.68646 -0.53094 255 255 255
0.6617 0.0161999 0.09236 255 255 255
-0.9244 -0.4942 -0.43126 255 255 255
-0.56502 0.4642 0.35796 255 255 255
0.0533201 0.54242 -0.62966 255 255 255
0.274 0.37476 -0.44178 255 255 255
0.26282 -0.6361 -0.30568 255 255 255
-0.61074 0.48182 -0.73334 255 255 255
0.5338 0.54354 -0.22272 255 255 255
0.83736 -0.59338 0.99328 255 255 255
0.40652 -0.5891 -0.93118 255 255 255
-0.70306 -0.92912 -0.1921 255 255 255
-0.24788 0.46942 0.69594 255 255 255
-0.3411 -0.38468 0.00209999 255 255 255
0.88704 0.99854 0.08908 255 255 255
-0.75266 -0.73314 -0.03608 255 255 255
0.0872 0.18264 -0.83012 255 255 255
-0.2367 0.25306 0.0465 255 255 255
0.91782 0.58482 0.3974 255 255 255
0.60238 -0.09194 0.2301 255 255 255
0.57154 0.68982 -0.64268 255 255 255
-0.0385 0.74728 -0.2473 255 255 255
-0.29152 0.05978 -0.4933 255 255 255
-0.46294 -0.90906 0.01744 255 255 255
0.49306 -0.0597 0.27354 255 255 255
0.14066 0.8574 -0.59416 255 255 255
0.39508 0.6814 -0.1868 255 255 255
0.40142 -0.82464 -0.83052 255 255 255
0.66778 0.1215 -0.56646 255 255 255
0.37774 -0.12392 0.03878 255 255 255
0.69436 0.06696 0.18204 255 255 255
0.16612 -0.3859 0.58336 255 255 255
0.08902 -0.8367 0.22562 255 255 255
0.92814 -0.60672 0.25858 255 255 255
-0.53984 -0.21672 0.5177 255 255 255
-0.1764 0.45598 -0.162 255 255 255
-0.76536 0.04934 -0.32888 255 255 255
0.1953 -0.55526 0.92334 255 255 255
-0.442 -0.71454 0.04212 255 255 255
-0.21476 0.43434 0.23094 255 255 255
-0.59898 -0.91604 -0.2244 255 255 255
0.62308 -0.3487 0.70818 255 255 255
-0.61872 0.99166 -0.83728 255 255 255
0.2805 0.62466 -0.1945 255 255 255
0.09732 0.20764 0.54108 255 255 255
0.97494 -0.4343 0.21242 255 255 255
0.40938 -0.9181 -0.06552 255 255 255
-0.16444 0.08444 -0.95046 255 255 255
0.51834 -0.00338 0.0678999 255 255 255
-0.24238 0.07066 -0.30206 255 255 255
0.42718 0.70092 0.4283 255 255 255
-0.07722 -0.8121 0.64198 255 255 255
0.91514 -0.20488 0.7566 255 255 255
0.40792 0.96586 0.12342 255 255 255
-0.70684 0.70142 0.84036 255 255 255
0.52668 0.75436 0.5943 255 255 255
-0.1579 0.97082 -0.43928 255 255 255
0.15626 -0.92974 0.64244 255 255 255
0.03966 -0.90306 -0.94418 255 255 255
0.25984 0.19298 -0.626 255 255 255
0.32064 -0.96218 -0.21742 255 255 255
0.6148 -0.511 0.80146 255 255 255
0.34988 -0.54362 -0.6461 255 255 255
0.40934 0.39004 0.13988 255 255 255
-0.53522 0.14002 0.88678 255 255 255
0.86702 -0.78506 -0.56426 255 255 255
-0.19272 0.39878 -0.42838 255 255 255
0.21944 0.57828 -0.34482 255 255 255
-0.05668 -0.36596 -0.93142 255 255 255
-0.223 -0.10898 0.08878 255 255 255
0.0617 -0.74908 -0.80196 255 255 255
0.90712 -0.6381 0.3808 255 255 255
-0.6495 -0.15582 0.1875 255 255 255
-0.98874 0.6879 0.04626 255 255 255
-0.64436 -0.12484 -0.30942 255 255 255
0.75456 -0.0723 0.3254 255 255 255
-0.73834 -0.66772 0.56894 255 255 255
0.25168 0.81562 -0.6351 255 255 255
0.17842 0.15962 0.12442 255 255 255
-0.64872 0.92216 -0.57522 255 255 255
-0.88366 0.4482 0.2185 255 255 255
-0.02418 0.9895 -0.36998 255 255 255
-0.9345 0.53772 0.5837 255 255 255
0.5399 0.80942 0.8917 255 255 255
-0.45902 0.0394599 -0.96554 255 255 255
0.5836 -0.14826 0.50334 255 255 255
0.42688 0.9234 0.87476 255 255 255
-0.84798 -0.13928 0.69854 255 255 255
-0.20516 0.15808 -0.534 255 255 255
-0.20116 0.01746 -0.80634 255 255 255
-0.11154 -0.77908 0.78082 255 255 255
-0.72292 0.10398 -0.02118 255 255 255
-0.68732 0.3129 -0.36522 255 255 255
-0.65924 -0.50242 0.08402 255 255 255
-0.712 -0.0359 -0.42202 255 255 255
0.73776 0.01292 0.43622 255 255 255
-0.09894 -0.99112 -0.7827 255 255 255
0.65394 -0.19954 0.34516 255 255 255
-0.78536 0.4795 0.54548 255 255 255
0.18622 -0.0987 -0.32518 255 255 255
-0.0205 0.77482 -0.86074 255 255 255
0.85608 -0.4785 -0.79304 255 255 255
0.7786 -0.61762 0.4952 255 255 255
-0.82834 0.21278 -0.88656 255 255 255
0.75492 -0.64824 0.9551 255 255 255
0.22904 0.74954 0.76696 255 255 255
0.56638 -0.65162 -0.437 255 255 255
-0.20486 -0.4726 0.67382 255 255 255
-0.0757 -0.52308 0.88476 255 255 255
-0.90848 -0.72398 0.40206 255 255 255
-0.96122 -0.73814 0.5946 255 255 255
0.84724 0.52358 -0.23768 255 255 255
-0.97126 -0.58086 -0.96148 255 255 255
-0.62546 -0.71212 -0.17932 255 255 255
0.3096 0.74418 0.94486 255 255 255
-0.11624 -0.51632 0.56658 255 255 255
-0.1077 -0.20924 0.37442 255 255 255
0.16574 0.88384 -0.92838 255 255 255
0.87508 -0.71198 0.39604 255 255 255
-0.30836 -0.81602 0.11994 255 255 255
0.94124 -0.89354 -0.95148 255 255 255
0.6857 0.80418 0.78278 255 255 255
-0.28738 0.27864 0.84878 255 255 255
-0.78054 0.3391 -0.94974 255 255 255
-0.00874001 0.05356 0.10862 255 255 255
0.67604 -0.71458 -0.2352 255 255 255
-0.28342 -0.86696 0.8079 255 255 255
-0.20866 -0.44012 0.19942 255 255 255
-0.59762 0.89062 0.67552 255 255 255
0.37728 0.15148 0.41806 255 255 255
0.4713 0.26576 -0.95236 255 255 255
0.91278 -0.63902 -0.37196 255 255 255
0.64148 0.97876 0.03518 255 255 255
0.50436 0.3483 -0.07598 255 255 255
0.54438 0.83232 -0.76428 255 255 255
-0.27532 -0.55638 0.41824 255 255 255
0.59436 -0.08044 0.09658 255 255 255
0.02474 -0.0642 -0.08316 255 255 255
0.42034 0.60812 0.53812 255 255 255
0.75564 -0.34054 0.82548 255 255 255
-0.85616 0.000659943 0.24142 255 255 255
-0.37528 -0.97856 0.16776 255 255 255
-0.3406 0.92266 0.3979 255 255 255
0.76604 0.72996 0.76386 255 255 255
0.62436 -0.51594 0.86544 255 255 255
-0.75234 0.27336 0.1421 255 255 255
-0.93566 -0.88574 0.59062 255 255 255
-0.97878 0.4761 -0.5888 255 255 255
0.9019 0.14544 -0.22218 255 255 255
-0.45528 -0.27194 0.99032 255 255 255
-0.12138 0.0796601 -0.27976 255 255 255
-0.75602 -0.03986 -0.67594 255 255 255
-0.34982 0.1946 -0.71016 255 255 255
-0.89076 0.16972 0.1417 255 255 255
-0.27964 0.70726 0.3005 255 255 255
-0.5154 0.65012 0.21216 255 255 255
0.41464 -0.75812 0.39516 255 255 255
-0.12052 0.38076 0.76314 255 255 255
0.16558 0.20548 -0.79934 255 255 255
0.53382 0.46702 0.07046 255 255 255
0.29386 0.3164 0.16506 255 255 255
-0.05896 -0.73706 0.73188 255 255 255
0.2318 0.20818 0.84324 255 255 255
-0.64708 -0.80284 0.81792 255 255 255
0.9168 -0.30764 -0.9684 255 255 255
-0.17076 0.14758 -0.49318 255 255 255
0.81134 -0.0783 0.94512 255 255 255
-0.34022 0.47084 0.482 255 255 255
0.4425 0.4728 -0.28926 255 255 255
-0.84794 -0.40272 -0.43834 255 255 255
0.70112 -0.25914 0.56298 255 255 255
-0.78284 0.2006 -0.2076 255 255 255
-0.5639 -0.9423 -0.4977 255 255 255
-0.56832 -0.34268 -0.23208 255 255 255
0.33878 -0.2761 -0.9543 255 255 255
-0.35712 0.26278 0.0252 255 255 255
-0.5964 -0.65802 0.9421 255 255 255
-0.4455 0.59446 -0.9482 255 255 255
-0.64808 -0.40166 0.59692 255 255 255
-0.1047 0.4066 -0.10732 255 255 255
0.22536 -0.72302 -0.95586 255 255 255
0.3191 0.21352 -0.162 255 255 255
0.2553 0.29106 0.59082 255 255 255
-0.42626 0.02684 -0.9712 255 255 255
-0.33352 -0.97688 0.50324 255 255 255
-0.33244 -0.48346 0.41432 255 255 255
0.53476 -0.2597 -0.90816 255 255 255
-0.30384 0.9109 -0.55348 255 255 255
-0.95552 0.79176 -0.5247 255 255 255
-0.50304 0.283 0.62626 255 255 255
0.46458 -0.8362 0.76102 255 255 255
0.75722 -0.26266 -0.75046 255 255 255
0.00452006 -0.53964 -0.18396 255 255 255
0.22654 0.11888 -0.84714 255 255 255
0.95906 -0.98382 -0.94762 255 255 255
-0.49724 -0.86496 0.71244 255 255 255
-0.89992 0.42526 0.97938 255 255 255
0.5818 -0.06708 -0.46902 255 255 255
-0.24106 -0.7354 -0.27574 255 255 255
-0.99176 -0.4204 -0.4133 255 255 255
0.9363 0.32178 0.3922 255 255 255
0.54488 -0.66026 -0.5145 255 255 255
0.59488 -0.40178 0.0197999 255 255 255
0.73124 -0.91794 -0.35052 255 255 255
0.35308 0.6562 -0.82332 255 255 255
0.19696 -0.69276 -0.68252 255 255 255
0.97646 -0.84506 -0.10312 255 255 255
-0.12414 0.60114 -0.48848 255 255 255
-0.71944 -0.88766 0.91668 255 255 255
-0.14584 -0.42496 0.22086 255 255 255
-0.64642 -0.96116 0.89902 255 255 255
0.22822 -0.06848 -0.33596 255 255 255
-0.9616 -0.4036 -0.4015 255 255 255
-0.2884 0.09966 0.09194 255 255 255
-0.48002 0.21092 0.21598 255 255 255
0.33262 -0.07762 -0.9033 255 255 255
0.74076 0.1487 -0.36262 255 255 255
0.40216 0.31222 0.28136 255 255 255
0.3073 -0.0992 0.52718 255 255 255
0.04018 -0.6239 0.4219 255 255 255
-0.35894 0.77662 0.56716 255 255 255
-0.22932 0.40312 -0.36364 255 255 255
-0.90698 0.53712 0.54944 255 255 255
0.8019 0.17212 0.29352 255 255 255
0.8671 0.26564 0.8528 255 255 255
0.93378 -0.18304 -0.59954 255 255 255
0.31562 -0.0205 0.46594 255 255 255
-0.8108 0.13468 0.46508 255 255 255
-0.86862 -0.03494 0.15612 255 255 255
-0.42542 -0.18468 -0.02574 255 255 255
0.37826 -0.30782 -0.70582 255 255 255
-0.83142 0.83578 0.80956 255 255 255
0.56248 -0.69598 0.9859 255 255 255
0.0115401 -0.49888 -0.88588 255 255 255
0.54924 -0.17234 0.87766 255 255 255
-0.99928 0.2874 0.32824 255 255 255
0.12496 0.8888 -0.66172 255 255 255
-0.88722 0.41284 -0.24288 255 255 255
0.24776 -0.89396 0.95502 255 255 255
-0.57576 -0.85 0.03576 255 255 255
0.26502 0.32832 -0.76772 255 255 255
0.09576 0.40228 0.51426 255 255 255
-0.78582 -0.22338 0.10452 255 255 255
-0.24776 -0.5499 -0.36792 255 255 255
-0.08464 -0.43672 0.38284 255 255 255
-0.10398 -0.8698 -0.6342 255 255 255
-0.24624 -0.52668 -0.9546 255 255 255
-0.71326 -0.55142 0.8129 255 255 255
0.9173 -0.17378 0.7924 255 255 255
-0.89072 -0.55114 -0.50528 255 255 255
-0.14336 0.62304 -0.8558 255 255 255
0.86558 0.83216 0.99508 255 255 255
-0.05272 0.04102 0.00510001 255 255 255
-0.57048 0.00365996 0.9053 255 255 255
-0.84662 -0.68358 -0.78532 255 255 255
-0.66492 -0.00778002 -0.1082 255 255 255
-0.99894 -0.5927 0.80238 255 255 255
-0.44732 0.91964 0.92472 255 255 255
-0.0361 0.4364 -0.65822 255 255 255
-0.03792 -0.86122 -0.13464 255 255 255
-0.22744 0.44902 -0.35274 255 255 255
0.63458 0.92936 0.92332 255 255 255
-0.67934 -0.19476 -0.18466 255 255 255
0.5835 0.98102 0.91272 255 255 255
-0.19872 -0.86066 -0.63608 255 255 255
0.32168 -0.25724 -0.40016 255 255 255
0.15794 -0.63122 -0.21544 255 255 255
-0.69598 -0.54654 -0.8306 255 255 255
0.59568 -0.3906 0.49458 255 255 255
0.73354 0.66302 0.13824 255 255 255
0.57534 -0.0216 0.8512 255 255 255
0.0304 -0.56766 -0.04582 255 255 255
0.50618 -0.52828 0.86746 255 255 255
0.51618 0.51382 0.50276 255 255 255
0.68262 0.0828 -0.64544 255 255 255
-0.74366 -0.24436 0.3167 255 255 255
0.01998 -0.38468 0.3505 255 255 255
0.38818 -0.40946 0.98994 255 255 255
-0.52396 -0.5636 0.4219 255 255 255
-0.00261998 0.45684 0.85396 255 255 255
0.69026 -0.13892 -0.88306 255 255 255
0.59808 -0.3573 0.99014 255 255 255
-0.53322 -0.01384 0.66506 255 255 255
-0.6352 0.0448999 0.34872 255 255 255
-0.44214 -0.65186 -0.74726 255 255 255
0.77314 0.39036 -0.9544 255 255 255
0.59194 -0.67756 -0.36194 255 255 255
0.31066 -0.93514 -0.10482 255 255 255
-0.78492 0.21344 -0.16402 255 255 255
-0.64028 0.88506 -0.4651 255 255 255
-0.87596 -0.27588 -0.72056 255 255 255
-0.50794 0.18726 0.6533 255 255 255
0.6932 -0.26592 0.31622 255 255 255
-0.2935 -0.42102 0.70534 255 255 255
0.72924 -0.17042 0.24462 255 255 255
0.48026 -0.77982 0.24676 255 255 255
0.09056 0.53598 0.7023 255 255 255
-0.67774 -0.31364 0.85982 255 255 255
-0.8696 -0.6917 -0.1973 255 255 255
0.52234 0.90708 -0.89786 255 255 255
0.28962 0.97854 -0.2545 255 255 255
0.37848 0.15586 -0.00161999 255 255 255
-0.46644 -0.45098 0.00494003 255 255 255
0.27118 -0.028 0.24206 255 255 255
0.6735 -0.34286 0.327 255 255 255
-0.372 0.0407799 -0.86914 255 255 255
0.16294 0.60976 0.67906 255 255 255
-0.19304 0.8782 -0.2181 255 255 255
-0.25434 -0.80314 -0.73152 255 255 255
0.73468 -0.40166 -0.61256 255 255 255
0.54104 0.9831 0.50644 255 255 255
-0.47784 -0.1534 0.6745 255 255 255
-0.5659 -0.85806 -0.10264 255 255 255
-0.16048 0.3536 -0.65306 255 255 255
-0.1617 -0.94286 0.87014 255 255 255
0.6914 0.31396 0.20836 255 255 255
0.58964 -0.83786 0.73864 255 255 255
-0.7167 0.45156 0.86966 255 255 255
0.33074 -0.83882 0.83118 255 255 255
-0.05052 -0.56548 -0.7892 255 255 255
-0.62806 -0.99422 0.29768 255 255 255
-0.20062 0.44734 0.42684 255 255 255
0.93868 -0.00520003 -0.7771 255 255 255
-0.71406 0.83324 0.70574 255 255 255
-0.40218 -0.21254 0.7365 255 255 255
0.11938 -0.36688 -0.94336 255 255 255
-0.9912 0.33984 0.3617 255 255 255
-0.79302 -0.52936 0.39504 255 255 255
0.64742 0.219 0.73078 255 255 255
-0.34486 -0.41196 -0.31674 255 255 255
-0.23044 0.17012 0.57756 255 255 255
0.39464 0.92304 0.78492 255 255 255
0.1566 0.89272 -0.2125 255 255 255
-0.22376 -0.70292 -0.06042 255 255 255
-0.27012 -0.0405 0.84488 255 255 255
-0.64242 0.10182 0.06574 255 255 255
-0.29276 0.64972 0.23006 255 255 255
0.13608 -0.78322 0.46258 255 255 255
-0.70176 -0.80124 -0.59066 255 255 255
-0.50532 -0.5832 -0.99978 255 255 255
-0.7648 -0.48544 0.10728 255 255 255
-0.39202 -0.86192 0.33914 255 255 255
0.4079 -0.5796 -0.05688 255 255 255
-0.01726 -0.03072 -0.10854 255 255 255
-0.56718 0.3559 -0.00480002 255 255 255
-0.23446 -0.74228 0.9938 255 255 255
0.56224 -0.5063 0.23566 255 255 255
0.95478 -0.60626 -0.0596 255 255 255
0.26356 -0.42598 -0.09222 255 255 255
0.0604399 0.05302 0.12488 255 255 255
0.20784 -0.0943 0.73218 255 255 255
-0.0467 -0.00514001 -0.88838 255 255 255
-0.29102 -0.82192 0.49118 255 255 255
0.58788 -0.00638002 0.6565 255 255 255
-0.08128 -0.13682 0.65676 255 255 255
0.51806 -0.5463 0.02964 255 255 255
0.1952 0.26274 0.1301 255 255 255
-0.2687 -0.51226 0.85852 255 255 255
0.632 -0.62092 -0.41778 255 255 255
-0.78072 -0.87948 -0.07892 255 255 255
-1 -0.66372 -0.0523 255 255 255
0.49192 0.43582 -0.48012 255 255 255
-0.69754 -0.87198 -0.21362 255 255 255
-0.9234 -0.36338 0.95668 255 255 255
0.04378 -0.2015 0.93306 255 255 255
-0.2141 0.32862 0.08758 255 255 255
-0.00923997 -0.82276 0.09106 255 255 255
-0.86368 0.42876 -0.3842 255 255 255
-0.17268 0.99338 -0.41592 255 255 255
-0.40344 -0.64992 -0.38414 255 255 255
0.60796 0.4279 0.60016 255 255 255
-0.32218 -0.52068 -0.21024 255 255 255
-0.74334 -0.54668 0.34482 255 255 255
-0.18008 -0.46962 0.58204 255 255 255
0.22138 -0.43496 0.23842 255 255 255
0.78174 0.3567 0.63534 255 255 255
0.99444 0.38414 0.93026 255 255 255
-0.29972 0.40968 0.35466 255 255 255
0.9608 0.42912 0.91516 255 255 255
-0.24178 -0.61844 -0.55132 255 255 255
-0.46886 -0.6724 0.55414 255 255 255
0.94448 -0.64196 0.64462 255 255 255
-0.55094 -0.8304 -0.46562 255 255 255
0.1885 -0.1704 -0.4273 255 255 255
0.31434 0.78476 -0.55852 255 255 255
-0.38548 -0.03336 0.96902 255 255 255
-0.24382 0.73168 -0.30934 255 255 255
0.85252 -0.29042 -0.34338 255 255 255
0.53048 -0.64412 -0.31794 255 255 255
-0.1828 0.42796 0.82042 255 255 255
-0.42692 -0.5404 0.5496 255 255 255
-0.12528 -0.96148 0.39554 255 255 255
-0.9476 -0.3811 -0.63436 255 255 255
-0.43852 0.19038 0.56188 255 255 255
0.2792 -0.23514 0.10348 255 255 255
0.68258 0.25072 0.40814 255 255 255
0.22308 0.32162 -0.27098 255 255 255
-0.72532 0.26646 -0.55866 255 255 255
0.8463 0.19106 0.2916 255 255 255
0.41074 -0.95912 -0.66882 255 255 255
0.46276 0.15014 -0.74044 255 255 255
0.56142 -0.74052 0.70106 255 255 255
0.78584 0.15278 -0.49138 255 255 255
-0.34454 -0.7065 -0.67072 255 255 255
0.84042 0.43946 0.45886 255 255 255
0.50746 0.41646 -0.26936 255 255 255
-0.5265 -0.82416 -0.97346 255 255 255
0.41672 -0.42082 -0.61552 255 255 255
0.71764 -0.55706 0.12516 255 255 255
0.79194 -0.11548 -0.0796 255 255 255
-0.16868 0.21766 -0.3824 255 255 255
0.329 0.78524 0.7349 255 255 255
-0.41276 0.70356 0.43444 255 255 255
-0.86958 -0.67234 0.33784 255 255 255
-0.26346 -0.50642 0.5935 255 255 255
-0.14192 0.2298 -0.47862 255 255 255
0.36178 -0.5522 0.9454 255 255 255
0.95196 0.04468 -0.73716 255 255 255
-0.39166 -0.1991 0.20054 255 255 255
-0.34482 -0.20696 -0.27722 255 255 255
0.5524 0.63512 -0.64894 255 255 255
-0.43902 0.12668 0.91768 255 255 255
0.3927 -0.17058 0.4198 255 255 255
-0.14454 0.47826 -0.10882 255 255 255
-0.7148 -0.59332 -0.93222 255 255 255
-0.87074 -0.46516 -0.193 255 255 255
0.9502 0.8237 -0.97438 255 255 255
-0.757 -0.62312 -0.94046 255 255 255
0.75308 0.21492 -0.59228 255 255 255
0.91902 0.88318 -0.10706 255 255 255
0.48572 0.67452 -0.26274 255 255 255
0.5187 -0.56788 0.82366 255 255 255
-0.55258 0.1971 0.51176 255 255 255
0.76346 0.26708 0.4132 255 255 255
-0.01552 -0.84258 0.22138 255 255 255
-0.5931 -0.71598 -0.88586 255 255 255
0.14412 -0.57752 0.3552 255 255 255
-0.57028 -0.25872 0.5064 255 255 255
-0.86026 0.33876 -0.71254 255 255 255
-0.10884 -0.17852 0.0103199 255 255 255
-0.44784 0.7599 -0.90734 255 255 255
0.58938 -0.62478 0.41894 255 255 255
0.2539 -0.90022 -0.21888 255 255 255
-0.89228 -0.1649 -0.97778 255 255 255
0.2481 0.60624 0.00771999 255 255 255
-0.93292 -0.402 -0.55234 255 255 255
0.48324 0.8348 0.72696 255 255 255
-0.05796 -0.63966 0.82386 255 255 255
-0.59336 0.88246 0.3543 255 255 255
-0.3849 -0.82016 -0.99732 255 255 255
-0.36236 0.15944 -0.02644 255 255 255
-0.56296 -0.19756 -0.27324 255 255 255
-0.78488 0.30078 -0.80644 255 255 255
-0.11478 -0.91532 -0.82222 255 255 255
-0.03698 0.45568 0.28938 255 255 255
0.34128 -0.62974 0.5412 255 255 255
0.53384 0.89262 -0.68308 255 255 255
-0.57916 -0.07416 -0.69652 255 255 255
0.23678 -0.49588 -0.9338 255 255 255
-0.14886 -0.63924 -0.3105 255 255 255
-0.1507 0.32184 0.11942 255 255 255
0.90498 0.8246 -0.20534 255 255 255
-0.10242 0.16014 -0.24174 255 255 255
0.18258 0.6654 -0.1187 255 255 255
-0.19036 -0.4148 -0.03314 255 255 255
-0.42466 -0.7709 -0.73074 255 255 255
-0.4032 -0.14836 -0.61536 255 255 255
0.2239 -0.70182 -0.71594 255 255 255
-0.64066 0.00885999 -0.29486 255 255 255
0.84674 0.72136 0.0244 255 255 255
0.76102 -0.55006 -0.36668 255 255 255
0.24438 0.06856 -0.56838 255 255 255
0.40704 -0.66196 0.80338 255 255 255
-0.26916 0.33364 -0.03442 255 255 255
-0.47072 -0.25192 0.92572 255 255 255
-0.71506 0.97678 -0.42268 255 255 255
-0.50176 0.90552 -0.22828 255 255 255
-0.23788 0.26864 -0.7761 255 255 255
-0.15074 -0.65532 -0.14112 255 255 255
-0.65374 -0.03596 -0.16466 255 255 255
-0.2736 0.45678 0.02788 255 255 255
0.00688004 0.20034 0.59456 255 255 255
0.66446 0.54642 0.37888 255 255 255
0.74064 0.94232 0.66442 255 255 255
-0.3132 -0.24248 0.39028 255 255 255
-0.0997 -0.59002 -0.65408 255 255 255
0.94426 0.37466 -0.75164 255 255 255
0.64906 -0.18226 -0.09388 255 255 255
-0.6523 0.10084 0.94148 255 255 255
-0.56164 -0.28576 0.4373 255 255 255
-0.28222 -0.88218 0.85792 255 255 255
-0.88826 -0.68266 0.60038 255 255 255
0.7198 0.83228 -0.7745 255 255 255
-0.37492 0.53496 0.01358 255 255 255
0.24636 0.98546 -0.9177 255 255 255
0.80458 0.18596 0.0906 255 255 255
-0.78474 0.0154999 -0.89194 255 255 255
0.55044 0.74948 -0.87646 255 255 255
0.36164 0.65458 -0.15422 255 255 255
0.7433 0.79456 0.03242 255 255 255
0.12542 -0.39014 0.01362 255 255 255
-0.66622 0.46876 -0.0671 255 255 255
-0.26688 0.48896 0.03912 255 255 255
-0.17844 -0.0464 0.72318 255 255 255
-0.28568 0.39918 -0.93404 255 255 255
0.5744 -0.32276 0.80816 255 255 255
-0.16754 0.5541 -0.79662 255 255 255
0.05498 0.0561 0.63086 255 255 255
-0.83728 0.06138 -0.8236 255 255 255
-0.51566 -0.90284 0.5585 255 255 255
0.74858 -0.9276 0.78756 255 255 255
-0.3816 0.81994 -0.43802 255 255 255
0.61778 -0.03268 0.94108 255 255 255
-0.52856 0.87824 0.89636 255 255 255
-0.19282 -0.09744 0.37636 255 255 255
0.47602 0.85554 -0.7262 255 255 255
-0.40148 -0.31522 0.08122 255 255 255
-0.6275 0.77844 -0.71206 255 255 255
0.4756 0.82556 0.8817 255 255 255
-0.02178 0.60766 -0.12454 255 255 255
-0.44402 0.77642 0.16498 255 255 255
-0.58188 -0.70738 -0.75682 255 255 255
0.147 -0.52028 -0.81772 255 255 255
0.4384 -0.077 0.689 255 255 255
0.29298 0.60024 -0.90286 255 255 255
0.80494 0.16488 -0.499 255 255 255
-0.47168 -0.26018 -0.51226 255 255 255
0.50238 0.71322 0.07468 255 255 255
0.87514 -0.41344 0.7721 255 255 255
-0.94636 0.85372 -0.6786 255 255 255
0.2024 -0.5188 -0.90482 255 255 255
-0.77444 -0.36646 0.15672 255 255 255
0.30828 0.56152 0.7632 255 255 255
0.23206 0.44838 0.82496 255 255 255
0.72534 0.39322 -0.76056 255 255 255
-0.02294 0.40048 0.72394 255 255 255
0.8162 0.6565 -0.53732 255 255 255
0.02292 -0.99486 -0.58962 255 255 255
-0.97546 0.9472 0.75902 255 255 255
-0.43774 -0.32326 -0.18114 255 255 255
-0.95556 -0.9724 -0.25554 255 255 255
0.59752 0.57014 -0.51402 255 255 255
0.23612 0.89304 0.51502 255 255 255
0.95714 0.35778 -0.82264 255 255 255
0.46886 -0.57636 -0.86746 255 255 255
0.63172 0.92386 0.53772 255 255 255
0.20568 0.94384 -0.13818 255 255 255
0.20154 0.89426 0.95202 255 255 255
-0.05328 0.82496 -0.35694 255 255 255
-0.42012 0.33704 0.25512 255 255 255
-0.77746 0.58356 0.0584 255 255 255
0.379 0.81952 0.34858 255 255 255
-0.37314 0.03976 0.901 255 255 255
0.86416 -0.29696 0.59376 255 255 255
0.33872 -0.26594 0.12604 255 255 255
-0.94456 -0.67688 -0.01154 255 255 255
-0.48142 0.78944 0.42182 255 255 255
0.8739 0.3112 -0.37316 255 255 255
0.87074 -0.9187 0.41324 255 255 255
0.2535 -0.74568 -0.37148 255 255 255
0.45742 0.23066 0.0522 255 255 255
-0.9518 0.5172 0.57912 255 255 255
0.38416 0.91234 0.57468 255 255 255
0.04826 0.88504 -0.79982 255 255 255
-0.317 -0.39694 0.69712 255 255 255
-0.63234 -0.23292 -0.56994 255 255 255
0.20956 0.91524 -0.05414 255 255 255
0.3792 0.75056 -0.10334 255 255 255
0.3998 0.13686 0.12304 255 255 255
-0.28424 -0.39158 0.4027 255 255 255
0.61228 -0.0583 0.80648 255 255 255
0.79804 0.89816 0.58878 255 255 255
-0.94472 -0.27986 0.3787 255 255 255
-0.81006 0.72794 -0.06878 255 255 255
-0.88738 -0.62928 0.79212 255 255 255
-0.11822 0.04998 0.30786 255 255 255
-0.63818 0.54444 -0.77832 255 255 255
0.9058 -0.32932 -0.3902 255 255 255
0.4059 -0.53334 -0.00708002 255 255 255
0.84786 -0.45364 0.34566 255 255 255
-0.66682 0.59758 0.83334 255 255 255
0.96456 0.30176 0.12418 255 255 255
-0.9241 0.81224 -0.26268 255 255 255
-0.72228 0.15674 0.80776 255 255 255
-0.42738 0.99584 -0.21214 255 255 255
0.35572 -0.70394 0.42828 255 255 255
0.09584 -0.7713 0.34294 255 255 255
-0.71334 0.14492 0.38868 255 255 255
-0.30788 -0.23756 -0.3767 255 255 255
-0.25862 0.2598 -0.23288 255 255 255
0.687 0.18788 0.35308 255 255 255
0.15646 0.79982 -0.82702 255 255 255
-0.59714 -0.0394 -0.61306 255 255 255
0.2581 0.00375998 0.30708 255 255 255
-0.3473 -0.42792 0.5811 255 255 255
-0.19612 -0.55758 -0.39886 255 255 255
-0.89874 0.0412 0.43198 255 255 255
0.51626 -0.0754 0.0664999 255 255 255
-0.22512 -0.6987 -0.29104 255 255 255
-0.2697 0.16246 0.43878 255 255 255
0.72466 -0.63272 -0.03632 255 255 255
0.95796 0.2796 -0.78332 255 255 255
0.49586 0.7242 0.66302 255 255 255
-0.73244 0.0563999 0.00750005 255 255 255
0.84322 -0.47724 0.00676 255 255 255
-0.8697 -0.11412 -0.06254 255 255 255
-0.40348 0.4967 0.06838 255 255 255
0.87866 -0.29046 0.000519991 255 255 255
-0.09802 0.86652 -0.9886 255 255 255
0.7538 0.0132999 -0.6734 255 255 255
0.33074 0.0797 -0.6263 255 255 255
-0.616 0.4243 0.73616 255 255 255
-0.2713 -0.55678 0.6594 255 255 255
0.0112799 0.54096 0.12488 255 255 255
0.4806 0.5313 0.30826 255 255 255
0.62208 -0.72332 0.6644 255 255 255
-0.76476 0.25594 0.91648 255 255 255
0.24832 -0.90888 0.25128 255 255 255
-0.50686 0.48572 0.43124 255 255 255
-0.75996 -0.68396 0.06708 255 255 255
-0.867 -0.92762 -0.71028 255 255 255
-0.05634 -0.36954 -0.25536 255 255 255
0.66822 -0.82276 0.87112 255 255 255
0.13682 0.90514 0.83128 255 255 255
-0.5691 0.76322 0.30982 255 255 255
0.83808 -0.90138 -0.5134 255 255 255
0.94354 0.49378 0.8393 255 255 255
-0.20476 -0.65082 0.2725 255 255 255
0.33898 0.0596 -0.0833 255 255 255
-0.83596 -0.61436 -0.14282 255 255 255
0.88806 -0.6242 0.24846 255 255 255
0.91056 0.10124 0.61938 255 255 255
0.17218 -0.0883 -0.35046 255 255 255
0.78328 0.2441 0.63194 255 255 255
0.79396 -0.09456 -0.37362 255 255 255
0.47396 -0.07854 0.5399 255 255 255
-0.15198 0.53372 -0.87412 255 255 255
0.09482 -0.21718 0.4811 255 255 255
-0.35626 0.66488 0.2844 255 255 255
-0.48358 -0.51412 -0.06874 255 255 255
-0.69308 0.26508 -0.44094 255 255 255
0.19852 0.48962 -0.957 255 255 255
0.89378 0.3789 -0.2365 255 255 255
0.08814 -0.57892 -0.69002 255 255 255
-0.60164 0.86728 0.81482 255 255 255
0.6213 0.64406 -0.456 255 255 255
0.0167 0.67054 -0.65182 255 255 255
0.0404 0.21578 -0.6618 255 255 255
-0.22396 -0.99414 -0.46336 255 255 255
-0.258 0.1038 0.42772 255 255 255
-0.8372 -0.61822 -0.26402 255 255 255
0.8924 0.9059 -0.12144 255 255 255
0.52692 -0.33992 0.41632 255 255 255
0.98068 0.89412 -0.98714 255 255 255
-0.5952 -0.62376 0.82212 255 255 255
0.25148 0.42292 0.61844 255 255 255
0.19548 -0.32378 0.06762 255 255 255
-0.72542 -0.22922 0.3474 255 255 255
-0.97504 -0.05636 -0.64038 255 255 255
0.08316 -0.8072 -0.30286 255 255 255
-0.85804 0.60388 0.70724 255 255 255
-0.4049 0.4409 0.1673 255 255 255
-0.64996 -0.55638 0.83602 255 255 255
-0.83706 -0.51346 -0.93034 255 255 255
-0.15654 0.93456 -0.62248 255 255 255
0.82494 0.6359 -0.01214 255 255 255
-0.97674 -0.68156 -0.3258 255 255 255
-0.7442 -0.0147 -0.04018 255 255 255
0.5449 0.17276 -0.76502 255 255 255
0.79928 -0.13416 0.34798 255 255 255
0.56078 -0.44156 -0.52218 255 255 255
-0.891 -0.55908 -0.48038 255 255 255
0.62644 -0.1316 -0.53276 255 255 255
-0.6653 -0.16782 -0.3502 255 255 255
0.9831 -0.0999 -0.8079 255 255 255
-0.82698 0.29178 0.48404 255 255 255
-0.14796 -0.72352 -0.33032 255 255 255
0.18064 0.01318 -0.8493 255 255 255
0.12492 -0.7388 -0.4028 255 255 255
0.101 0.14104 -0.07482 255 255 255
-0.45426 -0.0278 -0.72502 255 255 255
-0.74148 -0.19786 0.04598 255 255 255
-0.7895 0.6815 0.77294 255 255 255
-0.87378 -0.21866 0.96062 255 255 255
0.07552 -0.68884 -0.41336 255 255 255
-0.01608 -0.19592 -0.64198 255 255 255
-0.97158 0.41944 0.11028 255 255 255
0.83416 0.21222 0.61968 255 255 255
0.63358 -0.64628 -0.94254 255 255 255
0.36684 -0.19324 0.90584 255 255 255
0.66634 -0.55454 -0.03172 255 255 255
-0.0134 -0.94016 0.54862 255 255 255
-0.96492 0.6225 0.76258 255 255 255
0.25792 0.19022 -0.98322 255 255 255
-0.08996 -0.52168 -0.11818 255 255 255
0.30712 -0.24776 -0.21116 255 255 255
-0.59542 -0.5827 -0.1199 255 255 255
0.15766 0.20336 -0.70908 255 255 255
-0.08966 -0.55692 0.0378 255 255 255
0.00220001 0.3226 -0.04534 255 255 255
-0.77262 -0.90032 0.11984 255 255 255
-0.83648 0.10672 0.2949 255 255 255
-0.9609 -0.12832 0.3395 255 255 255
-0.49536 0.02932 0.2948 255 255 255
-0.65418 0.61274 0.357 255 255 255
0.99512 -0.62178 -0.75074 255 255 255
0.99258 -0.78794 -0.9419 255 255 255
0.75068 0.62184 -0.02916 255 255 255
-0.73106 -0.21644 -0.55382 255 255 255
0.59816 -0.00111997 -0.00349998 255 255 255
0.43176 -0.05142 0.8526 255 255 255
-0.04054 -0.61682 -0.88678 255 255 255
0.11674 0.7484 0.64484 255 255 255
0.83148 0.76162 0.03434 255 255 255
0.66142 0.90466 0.01334 255 255 255
0.80526 -0.38138 -0.08462 255 255 255
0.55902 0.9132 0.68918 255 255 255
-0.97772 -0.62546 0.76234 255 255 255
-0.75504 -0.0523 0.34368 255 255 255
0.29376 0.21384 0.2278 255 255 255
-0.39906 -0.99592 0.68736 255 255 255
0.14936 0.54804 -0.4457 255 255 255
-0.1475 0.89666 -0.81334 255 255 255
0.86988 -0.86422 -0.42236 255 255 255
-0.13626 0.0359 0.67094 255 255 255
0.16028 -0.72902 0.87386 255 255 255
0.8158 0.59076 0.4109 255 255 255
-0.81778 0.28182 0.18194 255 255 255
-0.67414 -0.9064 0.5356 255 255 255
0.68764 -0.50206 -0.03228 255 255 255
0.22836 -0.9232 0.23578 255 255 255
0.29214 0.0673 0.26792 255 255 255
0.98832 0.94668 0.30612 255 255 255
-0.42992 0.29552 0.9505 255 255 255
-0.9625 -0.45924 -0.91734 255 255 255
0.97002 0.78182 0.40304 255 255 255
0.21 -0.49678 -0.95112 255 255 255
-0.49778 0.52164 -0.91296 255 255 255
0.99228 0.91608 -0.64776 255 255 255
0.52748 -0.28666 0.74612 255 255 255
-0.06362 -0.65734 -0.9186 255 255 255
0.64804 0.0855 0.79572 255 255 255
-0.83568 -0.60728 -0.14932 255 255 255
0.30808 -0.15258 0.78572 255 255 255
0.19272 -0.02822 0.1749 255 255 255
0.56548 -0.82762 0.8902 255 255 255
-0.06064 -0.18608 -0.14878 255 255 255
-0.60884 0.00222003 0.13442 255 255 255
0.1115 -0.11128 0.16404 255 255 255
0.68584 -0.93118 0.25308 255 255 255
-0.26466 -0.0998 -0.33852 255 255 255
-0.2817 0.8135 -0.3587 255 255 255
-0.68876 0.2668 0.13548 255 255 255
0.76228 0.9472 0.60486 255 255 255
0.53468 0.18438 -0.12318 255 255 255
0.60388 0.7616 0.4388 255 255 255
-0.58022 0.43252 -0.87356 255 255 255
0.19434 0.96736 -0.73114 255 255 255
0.0459599 0.8294 0.37882 255 255 255
0.78586 -0.38254 -0.61124 255 255 255
0.2013 0.33616 -0.1504 255 255 255
-0.04696 -0.65166 0.32336 255 255 255
-0.91844 -0.06918 -0.05314 255 255 255
0.78204 -0.36634 0.17044 255 255 255
-0.9618 0.72444 0.19774 255 255 255
0.842 0.58844 -0.4068 255 255 255
-0.0905 0.50864 -0.12988 255 255 255
0.5394 -0.00326002 0.86446 255 255 255
